$ANSIBLE_VAULT;1.1;AES256
65313233633133383536623731353331323731353638626465393366636539636262366463333666
3163393635373534326664636161653162323233353963650a613637346333326437336163633066
62626336396438306235376339623264653366323136643363353638623532663839656266616461
6164663363366636360a323665346332653064313731343731646431336662626535636235326666
66633563396434316162666465343531353366633232666434323034623537393733343161353163
64623666373032383764393031363632333966633763646431346236333930376536616666343431
39653538646233646230336630396265333264333538323463646533373361393438343333366434
39316261373133666239313731343538383965656239376162623136646234326131353938353564
62303230626438373539643463653331386233633764383536346539356333383234363164336163
65616235633236663362336366383865626466393034396261663036616533336464346462323137
34643637376433373934636333643837303266393039323563363236373363373061323833343063
35353137333439313334646663663537613061326632623330343037376334636161316562613534
32343030356230643837303635326261393530353233373862383263326534386365646163323965
35353233356235343464656632396432376537353831383130306662396432616664346662323766
37336135393539376338626232343739303362333362333463643535353436643336376433353338
61633433366365626533636363366438653437636335613232636135353464623262626231663363
34353132643266343337376265363137363665666432393336333933383963313337626334313330
37323138386133393939386464663538626561303666333163323430353330343630363835326131
61356463323939623131326361366261333635663063343166376632653237383235656239623539
39383136326235326666383036346232643864653665346436356136643265633162666230636634
32386561333430343433376239663033353566373362313364613438343635393634306362646466
32383365323036373637306461636561383833303664303637316232613930326364633664623861
37386339386232666431376536373566386330376361623337393163643733363834623763323265
62383032663666643632323266636333623565636633396365313064346338396435383538393665
62393135333666333965383765653536663133663330663564383439656162653438356263623066
66656537363331306234396662373364313563333632376464306263653534663366383431356362
37323663646262303738656339333939343631376532613362343233623030343164343165363931
63656334306264643866306363363566623934356132303561363834306339393763663661373364
64363666656130393530663965356465376537633963656531626162373836393337393565653262
38633332356666376334363833613362336162303434393635353366613331363264366330636338
32333036396237316162636532363233336661323434393039373039333930353432653737366232
65313930663866376163353365636234313539616337623130393934303063333934303530363663
37316164353933663262373963623639376334663931613038613231616433616463633835363131
37643264393462316131353930326634303262373935653132653531363731653538303563353931
37366264323934623934396435623935623139303634646566333932386163323738313437306462
34623462656466396633613035643464633035666361373762313239373232306231363635613339
61656232366230666664663130623631333363373234636333323562326434333039316264366536
63396638653663353537373763333062383566643131383761646638303038346433343864393363
33663062343063383234363663636336386465383330326164363062356433386339393433346637
66326632363565663063343635646263383735353131313332336266386531323936316263343066
32666335663936333266323863333435343436386666643239303032313766653666383134323839
61383334373838623338616335343039363739396237313265333535626530653161313638336433
62653965363265353336633566643332306564386430323838316436396334396234306665316632
35336330633432646638356463343665626262343037623831336239306335666266646665333332
62636262613439303333373062616130663735343564643231373361343236636331313564353537
61633432376133303761666163623465333462663065343030343331316164313065646336373661
37316237366364366134663932663636303731373962616338363333343865653639393961323261
65623339303438383537356465396236353166373031646536363466383836386237633161343639
39633737653633393235323464306636616634643039636239306234393863663366326139616233
38343962636261303032366230316666646535336135303933386265313633646134663330636564
33336432666337613335346462653130343662376235623934343334666262303436623861373133
61363262366232653861366432333430343036326464383433303763396135343233326662303931
31383335306432626634373637366261323264393733366563623735386531393361656166666132
30356635626264326435313334633933376466353561626539336166336232663666313133613165
63653861353966666639323832353234363233333066356233333333323732303564636463306566
39383932633031306634393138306164616164663433316561303139623835336632343837353438
35336139313736623962396636333464356463633239653634383338343139353465343432343430
34313931356337336664323634656136333332623163653035636463323066366134363331643836
33393764393038383339323639316633613337313230653632333835356133343163633633353264
35363936623165666666306533373761626136653639666135393638633263343134616563303133
38363364366334663562643339336363343532333931653863653461326665333935653030353438
64316466653031373536336435653933623762346565663361376334353435386637323461643336
34376135343339633164613664383738373764636236663861623864303033633632343236613630
65363163623334336230313436376237656261303261663936663065333230323938356331663563
30666362656232383464326166623233333035353231383638353362646634393562366166653532
61653038323736633131633361663834353836623131383361383466313733376131366137393861
30656238343237383237303231323030346630326136353864393930383431366462316538636636
64386361643739386562356632663631386230346632653239393663653733316635306134643262
64623131326366313837363132626433653435663334393530373662633137363430663637363239
34653931346538653239376536333964633131656534623339663766343863346466316133306161
65393565343365383362363835393539323733336563363662663732343361303966373232373237
66363066353061636431336631663733373461313134616439323132373033333832646333613331
35663635313138313235663337303633303736663537363632396232343637363765333431306133
37393566336537303231353834356230313065623438323938366530626135383933306532633930
61336466373131323033643464653361646165333833633138323339666562656262663337666163
37313435313739336365646134306633616465343238303066383837333432306639326364376131
32633132643636656231613865376461623831623366396666393433396465626339313364626165
35323761376437383661303132383334343135396664643137326232386433663030366365353463
38383538656461306463353463383037363137613438663066636639646432653062663135623266
39356339656638656161643438386230616664396162393164333566393961633137396665616434
36386439303731656137353333656439643663333861646535353132393763386662313237633138
33326663646332343463636131363534373461323762356335333334373863616464373139383266
35333737323265333039343361343735623234386365623435343465653761636539376237623330
37626465323639643634613534663637653464633566666438636464643733313631366265303139
38616130663834336665346131633038633733336666373163363333653736373636663936356462
35326466306364393361366166333866333661383530613338313232386231633263383261376436
66373764303663356430653930346334313733656266623535643165646662663138663461313463
62313334633265623830326330306562323664383338333061313661383734396431633237636464
64326536393432643530303833323035323966653031636166613731306536623333333133656531
33643461313734656339333636353466653831646238333166303163336365346235363461373964
62653363373236376335636362363963393130326235323766326438366535373439383333353837
33396135306264303462656539353131393231373332353066326164636162363134336230383434
65646236313332366339373036313966373262653564393638633532383164363630376637366531
64656337376562303633386434643236313330636666386237386662663866333136653137353735
66623832373061616631623334386336306232386136376433383832613033613135313531653436
39353763313037656534346466633938336431313566626264386362363333303238666266366532
3963
